111.5155
111.3449
111.3843
111.5155
111.3318
111.4499
111.3449
111.4236
111.4499
111.5286
111.4761
111.3449
111.5942
111.5417
111.6074
111.6992
111.6336
111.7255
111.673
111.8436
111.8567
111.8961
112.1191
112.0667
112.1454
112.0929
112.3816
112.3947
112.5653
112.6703
112.6047
112.9065
112.9984
113.064
113.1952
113.1952
113.3527
113.5233
113.8513
113.8644
114.1006
114.245
114.2056
114.4156
114.4943
114.8093
114.8486
114.993
115.3079
115.2686
115.6229
115.6622
115.8591
116.0428
116.1215
116.2003
116.5152
116.6595
116.817
117.0007
117.0926
117.2763
117.4338
117.4469
117.67
117.9718
118.2343
118.3392
118.5886
118.7329
118.8641
118.9691
119.2578
119.389
119.7827
119.6515
119.9664
120.0452
120.0452
120.5045
120.78
120.6226
121.0425
121.1737
121.3574
121.3968
121.6986
121.9217
122.0792
122.1448
122.381
122.5909
122.8796
123.0896
123.2077
123.3521
123.6014
123.8638
124.1656
124.3494
124.3887
124.6381
124.848
124.8743
125.3336
125.4517
125.6354
125.7272
126.2259
126.2521
126.5146
126.7377
126.8427
127.1445
127.3282
127.5119
127.7875
127.8006
128.1943
128.168
128.4305
128.6929
128.8766
129.0997
129.3097
129.5328
129.7296
129.9658
130.3333
130.3464
130.3595
130.6876
131.0287
131.3174
131.5668
131.6849
131.6193
132.0392
132.2885
132.2229
132.5772
132.9315
133.1677
133.4564
133.5876
133.7189
133.9682
134.0732
134.27
134.48
134.7818
135.0574
135.228
135.2542
135.5429
135.8316
136.0678
136.0284
136.5009
136.6846
136.7371
137.0782
137.2226
137.4588
137.485
137.8131
137.8787
138.4036
138.548
138.7448
138.876
139.0991
139.1779
139.5059
139.6896
139.8865
140.1227
140.3195
140.4245
140.6607
140.8969
141.0281
141.2775
141.5662
141.9205
142.1173
142.1304
142.406
142.7209
142.7734
143.0228
143.1802
143.259
143.4689
143.7445
143.9938
144.0594
144.4138
144.6106
144.6893
144.9387
145.0043
145.3586
145.5554
145.8441
145.9229
145.9753
146.2378
146.6052
146.7496
146.9727
147.0383
147.2351
147.4713
147.8125
147.8125
147.9962
148.2849
148.3899
148.5999
148.8098
149.0854
149.1904
149.256
149.5447
149.689
149.899
149.9646
150.1221
150.5814
150.7126
150.7782
151.2244
151.2244
151.4474
151.4474
151.7755
152.1167
152.0642
152.4054
152.576
152.7072
152.8122
153.1927
153.2452
153.5995
153.652
153.8095
153.862
154.1376
154.4131
154.4394
154.6231
154.9118
155.0299
155.2005
155.3186
155.5023
155.6467
155.9091
155.8566
156.0535
156.2241
156.4996
156.6702
156.9064
156.9852
157.0377
157.4051
157.5232
157.4969
157.8775
158.2449
158.1662
158.2581
158.5599
